ISS (ZARYA)             
1 25544U 98067A   26172.76913116  .00009060  00000+0  17028-3 0  9997
2 25544  51.6326 277.4139 0004499 214.6152 145.4544 15.49357580572463
POISK                   
1 36086U 09060A   26171.41461525  .00008813  00000+0  16600-3 0  9998
2 36086  51.6327 284.1189 0004557 208.5194 151.5545 15.49333088571937
CSS (TIANHE)            
1 48274U 21035A   26171.43213816  .00020661  00000+0  24268-3 0  9990
2 48274  41.4693 302.2526 0007384 105.8714 254.2939 15.60937952293670
ISS (NAUKA)             
1 49044U 21066A   26171.41461525  .00008813  00000+0  16600-3 0  9996
2 49044  51.6327 284.1189 0004557 208.5194 151.5545 15.49333088571980
FREGAT DEB              
1 49271U 11037PF  26170.86525566  .00006273  00000+0  10826-1 0  9999
2 49271  51.6355 353.8561 0900592 288.1563  62.3334 12.42115278225383
CSS (WENTIAN)           
1 53239U 22085A   26170.72834613  .00019835  00000+0  23343-3 0  9992
2 53239  41.4696 306.5363 0007349  99.2772 260.8898 15.60907257288235
CSS (MENGTIAN)          
1 54216U 22143A   26171.43213816  .00020661  00000+0  24268-3 0  9994
2 54216  41.4693 302.2526 0007384 105.8714 254.2939 15.60937952294359
HRC MONOBLOCK CAMERA    
1 66052U 98067XR  26171.43899803  .00068928  00000+0  46509-3 0  9999
2 66052  51.6232 262.4651 0002053 318.4320  41.6522 15.74446165 38517
SZ-21 MODULE            
1 66515U 25246C   26171.38315940  .00041738  00000+0  25384-3 0  9999
2 66515  41.4727 287.4171 0005787  13.1539 346.9456 15.76651737 34247
SOYUZ-MS 28             
1 66664U 25275A   26171.41461525  .00008813  00000+0  16600-3 0  9999
2 66664  51.6327 284.1189 0004557 208.5194 151.5545 15.49333088572089
DUPLEX                  
1 66906U 98067XS  26171.31376001  .00035923  00000+0  39513-3 0  9990
2 66906  51.6286 273.6830 0003068 223.5446 136.5306 15.62799537 31146
ISS OBJECT XY           
1 66912U 98067XY  26171.41049138  .00615601  18512-3  10319-2 0  9996
2 66912  51.6153 256.8734 0011963 336.4641  23.5821 16.02110117 31363
KNACKSAT-2              
1 67683U 98067XZ  26170.59247606  .00040473  00000+0  49084-3 0  9990
2 67683  51.6307 282.3774 0008934 225.7617 134.2643 15.60167582 20658
CORAL                   
1 67684U 98067YA  26171.30157074  .00197076  00000+0  11253-2 0  9998
2 67684  51.6212 272.0603 0008844 276.5417  83.4576 15.77721965 20854
GXIBA-1                 
1 67685U 98067YB  26171.29606699  .00051927  00000+0  58681-3 0  9990
2 67685  51.6270 278.0693 0009957 227.5676 132.4477 15.61883659 20771
UITMSAT-2               
1 67686U 98067YC  26171.30122916  .00073009  00000+0  71955-3 0  9992
2 67686  51.6257 276.6025 0005208 224.8016 135.2559 15.65269956 20799
LEOPARD                 
1 67687U 98067YD  26170.68308358  .00046865  00000+0  54542-3 0  9992
2 67687  51.6303 281.4932 0005803 207.7967 152.2717 15.61203925 20592
HMU-SAT2                
1 67688U 98067YE  26170.71876334  .00061177  00000+0  64608-3 0  9998
2 67688  51.6279 280.2226 0005528 215.4972 144.5655 15.63592563 20613
CREW DRAGON 12          
1 67796U 26031A   26171.41461525  .00008813  00000+0  16600-3 0  9997
2 67796  51.6327 284.1189 0004557 208.5194 151.5545 15.49333088572031
PROGRESS-MS 33          
1 68319U 26058A   26171.41461525  .00008813  00000+0  16600-3 0  9998
2 68319  51.6327 284.1189 0004557 208.5194 151.5545 15.49333088572134
CYGNUS NG-24            
1 68689U 26079A   26171.15661001  .00008669  00000+0  16345-3 0  9998
2 68689  51.6329 285.3962 0004555 207.7610 152.3136 15.49327998572149
PROGRESS-MS 34          
1 68837U 26093A   26171.15661001  .00008669  00000+0  16345-3 0  9999
2 68837  51.6329 285.3962 0004555 207.7610 152.3136 15.49327998572199
TIANZHOU-10             
1 69049U 26102A   26170.72834613  .00019835  00000+0  23343-3 0  9992
2 69049  41.4696 306.5363 0007349  99.2772 260.8898 15.60907257  6228
SHENZHOU-23 (SZ-23)     
1 69180U 26113A   26170.72834613  .00019835  00000+0  23343-3 0  9990
2 69180  41.4696 306.5363 0007349  99.2772 260.8898 15.60907257293648

ATLAS CENTAUR 2         
1 00694U 63047A   26171.45988245  .00000848  00000+0  88115-4 0  9997
2 00694  30.3587 341.0931 0546005 266.3690  87.4341 14.12524868146166
THOR AGENA D R/B        
1 00733U 64002A   26171.08730830  .00000092  00000+0  50193-4 0  9993
2 00733  99.1153 189.9758 0032186 321.9802  37.9109 14.34066354252975
SL-3 R/B                
1 00877U 64053B   26171.34087819  .00000039  00000+0  31839-4 0  9996
2 00877  65.0776  30.2658 0080954 260.1229  99.0725 14.61427795281792
SL-8 R/B                
1 02802U 67045B   26171.40744869  .00000172  00000+0  55142-4 0  9993
2 02802  74.0095 156.2439 0063315 139.7859 220.8009 14.45683390103861
SL-8 R/B                
1 03230U 68040B   26171.30966101  .00002007  00000+0  14802-3 0  9995
2 03230  74.0309 103.9051 0025973 256.5750 103.2543 15.03830802105439
OAO 2                   
1 03597U 68110A   26171.36582830  .00000147  00000+0  44650-4 0  9996
2 03597  34.9945  51.9301 0006143 296.6747  63.3315 14.47353113 33980
ISIS 1                  
1 03669U 69009A   26171.37783306  .00000047  00000+0  33808-4 0  9998
2 03669  88.4426 144.0490 1706318 241.7756 100.0821 11.30434104360134
SERT 2                  
1 04327U 70009A   26171.43080145  .00000008  00000+0  67682-4 0  9994
2 04327  99.2841 108.9699 0003929 263.0931 205.2164 13.58739486793845
SL-3 R/B                
1 05118U 71028B   26171.43356853  .00044626  00000+0  36800-3 0  9998
2 05118  81.2330 284.2794 0014087 268.2280  91.7365 15.70016407  4756
ASTEX 1                 
1 05560U 71089A   26171.45181061  .00000260  00000+0  66146-4 0  9998
2 05560  92.6996 184.9072 0017990  96.6331 263.6924 14.50853638877203
SL-8 R/B                
1 05730U 71119B   26171.07520018  .00002617  00000+0  13624-3 0  9998
2 05730  73.8878 344.0478 0543726 289.4327  64.8851 14.39521149670217
OAO 3 (COPERNICUS)      
1 06153U 72065A   26171.47049711  .00000202  00000+0  45684-4 0  9999
2 06153  35.0063  71.6957 0007324 279.7806 246.6682 14.60061684861223
ATLAS CENTAUR R/B       
1 06155U 72065B   26171.38538159  .00000750  00000+0  10485-3 0  9998
2 06155  35.0020  63.7919 0033227 156.1715 204.0531 14.77926028856467
SL-8 R/B                
1 08459U 75112B   26171.44905962  .00000198  00000+0  73575-4 0  9996
2 08459  74.0589 189.8731 0016840 256.4490 103.4789 14.38247985646646
SL-3 R/B                
1 10114U 77057B   26171.44932051  .00009524  00000+0  18440-3 0  9997
2 10114  97.5846 348.1477 0005481 270.3163  89.7459 15.47942080684215
SEASAT 1                
1 10967U 78064A   26171.42130973  .00000153  00000+0  81052-4 0  9992
2 10967 108.0177 341.0778 0001736 240.3380 119.7593 14.46245232521361
SL-14 R/B               
1 11267U 79011B   26170.99228781  .00000382  00000+0  35046-4 0  9991
2 11267  82.5237 359.4916 0017501  77.0548 283.2625 14.92016398544035
SL-8 R/B                
1 11574U 79089B   26171.39537659  .00000153  00000+0  54296-4 0  9993
2 11574  74.0692 260.9186 0015063  43.4442 316.7899 14.42405235450918
SL-14 R/B               
1 11672U 80005B   26171.07268606  .00000330  00000+0  30691-4 0  9990
2 11672  82.5137 210.1032 0015764 176.2237 183.9104 14.91030703491744
SL-8 R/B                
1 12139U 81003B   26171.32422449  .00015379  00000+0  37423-3 0  9991
2 12139  82.9369 194.8563 0250699 180.2463 179.8693 15.14312178330198
SL-3 R/B                
1 12465U 81046B   26171.42929031  .00009505  00000+0  20483-3 0  9992
2 12465  81.2300 166.1632 0018212  27.0043 333.2144 15.44255582454272
SL-3 R/B                
1 12904U 81103B   26171.40624712  .00003813  00000+0  16417-3 0  9998
2 12904  81.1583  92.8515 0011585 304.2957  55.7178 15.22306802988854
SL-3 R/B                
1 13068U 82013B   26171.37677220  .00003004  00000+0  12659-3 0  9995
2 13068  81.1737  40.3138 0021614 189.9619 170.1188 15.22803669419971
SL-3 R/B                
1 13154U 82039B   26171.41316006  .00002886  00000+0  17199-3 0  9997
2 13154  81.1452  97.3585 0028423 345.3909  14.6491 15.10556543397140
SL-3 R/B                
1 13403U 82079B   26171.39525799  .00003980  00000+0  15341-3 0  9999
2 13403  81.1459  71.6927 0023963 174.6099 185.5398 15.25810833393350
SL-14 R/B               
1 13553U 82092B   26171.43828432  .00000281  00000+0  28765-4 0  9991
2 13553  82.5679  45.2613 0019372 324.0622 209.2871 14.86749668344197
SL-3 R/B                
1 13819U 83010B   26171.22386465  .00011434  00000+0  20746-3 0  9991
2 13819  81.1007 236.2255 0015294  52.2916 307.9714 15.49310432373806
SL-3 R/B                
1 14208U 83075B   26171.44668627  .00007944  00000+0  19656-3 0  9991
2 14208  97.6107 180.0842 0019624 216.5803 143.4104 15.40541433345961
COSMOS 1536             
1 14699U 84013A   26171.04934553  .00004515  00000+0  17893-3 0  9990
2 14699  82.5443   5.9936 0012583 284.0426  75.9412 15.25076395288216
SL-14 R/B               
1 14820U 84027B   26171.44696137  .00000332  00000+0  35086-4 0  9996
2 14820  82.5412 148.6601 0017847 358.5562   1.5600 14.86061732262893
SL-8 R/B                
1 15483U 85006B   26171.16384985  .00000153  00000+0  59355-4 0  9990
2 15483  74.0460  72.5867 0018936 319.2357 191.2299 14.37836124168755
SL-12 R/B(2)            
1 15772U 85042D   26171.45852706 -.00000036  00000+0  52818-5 0  9993
2 15772  71.1073 230.6050 0036472 322.8141  47.9872 14.22006533129007
SL-14 R/B               
1 15945U 85069B   26171.40022816  .00000348  00000+0  36450-4 0  9998
2 15945  82.5273 288.3440 0018027 207.9505 152.0745 14.86517548188097
SL-16 R/B               
1 16182U 85097B   26171.44619478  .00000104  00000+0  76015-4 0  9994
2 16182  71.0034 284.2165 0005400 104.2894 322.2106 14.16610381101784
SL-14 R/B               
1 16496U 86006B   26171.41621076  .00000415  00000+0  41441-4 0  9997
2 16496  82.5261 163.0745 0074815 292.5669  66.7643 14.86948223164473
COSMOS 1743             
1 16719U 86034A   26171.40340493  .00043156  00000+0  40137-3 0  9995
2 16719  82.5280 325.3117 0004125 257.8396 102.2402 15.67204069196293
SL-14 R/B               
1 16792U 86046B   26171.45309977  .00000301  00000+0  31804-4 0  9993
2 16792  82.4818 343.0889 0021679 246.8824 113.0107 14.85672833141660
SL-14 R/B               
1 16882U 86055B   26171.05897988  .00000290  00000+0  30564-4 0  9992
2 16882  82.5202  30.4328 0018788 358.2644 158.1303 14.85724754134567
AJISAI (EGS)            
1 16908U 86061A   26171.43257355 -.00000100  00000+0 -18933-4 0  9996
2 16908  50.0070 137.4149 0011194 188.8064 260.9104 12.44516761480795
SL-14 R/B               
1 17567U 87024B   26170.97788487  .00000289  00000+0  30052-4 0  9993
2 17567  82.5279 356.6271 0016725 283.1537  76.7813 14.86214627103323
COSMOS 1833             
1 17589U 87027A   26171.29383227  .00000337  00000+0  20577-3 0  9993
2 17589  70.9187 110.3381 0022894  49.9325 310.3799 14.13052434 24812
SL-16 R/B               
1 17590U 87027B   26171.39240878 -.00000122  00000+0 -36749-4 0  9993
2 17590  71.0032  60.0747 0006617 308.6931  51.3600 14.17171037 29896
SL-14 R/B               
1 17912U 87038B   26171.36226936  .00000252  00000+0  26370-4 0  9990
2 17912  82.5005 200.0816 0019181 180.5956 179.5241 14.85446646 94474
COSMOS 1844             
1 17973U 87041A   26171.43067367 -.00000089  00000+0 -20711-4 0  9993
2 17973  70.8964 177.4655 0032728 230.8045 129.0169 14.14567297 18117
SL-14 R/B               
1 18153U 87055B   26171.32117712  .00000286  00000+0  29971-4 0  9991
2 18153  82.4993 252.2749 0021488  37.8057 322.4664 14.85712887 85178
COSMOS 1867             
1 18187U 87060A   26170.99752469 -.00000052  00000+0  17989-4 0  9998
2 18187  65.0114  20.1880 0016587 282.1795  77.7432 14.31515983 34584
SL-14 R/B               
1 18749U 88001B   26171.25604897  .00000307  00000+0  32615-4 0  9994
2 18749  82.5134  98.8867 0016455 258.4005 101.5364 14.85611338 57254
COSMOS 1933             
1 18958U 88020A   26171.39774882  .00002844  00000+0  13551-3 0  9999
2 18958  82.5126 149.2557 0003875 174.6277 185.4999 15.18731354 65810
SL-3 R/B                
1 19046U 88032B   26171.40127054  .00002988  00000+0  13757-3 0  9993
2 19046  97.5259 154.4385 0024025 233.0446 126.8589 15.20859491 67718
SL-16 R/B               
1 19120U 88039B   26171.43258006  .00000124  00000+0  81482-4 0  9999
2 19120  71.0133 211.2959 0022053 188.2859 171.7905 14.19630175972962
COSMOS 1953             
1 19210U 88050A   26171.41963748  .00006304  00000+0  21544-3 0  9994
2 19210  82.5073  54.7747 0012301 116.3180 243.9325 15.30015132 53480
SL-8 R/B                
1 19257U 88053B   26171.41243301  .00000133  00000+0  51564-4 0  9994
2 19257  74.0482 283.1120 0019174  77.2470 345.2112 14.38968456991378
COSMOS 1975             
1 19573U 88093A   26170.96782130  .00006554  00000+0  22868-3 0  9993
2 19573  82.5191  14.9043 0011614 162.1340 198.0311 15.29357369 35038
SL-14 R/B               
1 19574U 88093B   26171.36957759  .00000333  00000+0  35326-4 0  9993
2 19574  82.5314 305.6568 0021967  60.6090 354.4514 14.85743831 16265
SL-16 R/B               
1 19650U 88102B   26171.39570358  .00000027  00000+0  38049-4 0  9993
2 19650  71.0001 295.3875 0015603 220.7820 139.2137 14.16164120941430
INTERCOSMOS 24          
1 20261U 89080A   26171.43164421  .00000658  00000+0  18514-3 0  9998
2 20261  82.6062  37.5341 1188327  54.3855 316.2175 12.59666413679730
SL-14 R/B               
1 20262U 89080C   26171.28219612  .00000198  00000+0  59369-4 0  9998
2 20262  82.5936 107.3194 1228608 310.3183  39.6662 12.50571992672972
DELTA 1 R/B             
1 20323U 89089B   26171.46101461  .00000208  00000+0  59867-4 0  9992
2 20323  97.0636   2.4954 0069528 156.7063 203.7312 14.50732963910632
ARIANE 40 R/B           
1 20443U 90005H   26171.44961895  .00000163  00000+0  65357-4 0  9999
2 20443  98.2957 228.9643 0008874 253.1344 106.8872 14.39928811907596
DELTA 2 R/B(1)          
1 20453U 90008B   26171.43537697  .00078030  00000+0  56665-3 0  9990
2 20453  35.5993 213.9199 0064613 145.5981 214.8966 15.69273416942215
COSMOS 2058             
1 20465U 90010A   26171.44438716  .00003199  00000+0  18442-3 0  9994
2 20465  82.4691 306.1427 0008856 347.7217  12.3796 15.12035181957769
SL-14 R/B               
1 20466U 90010B   26171.40512806  .00000287  00000+0  31788-4 0  9998
2 20466  82.5015 170.9227 0018822 325.2529  34.7455 14.83647853943719
SL-14 R/B               
1 20511U 90018B   26171.38680630  .00000308  00000+0  35499-4 0  9992
2 20511  82.5212 127.1170 0017580 112.0162 248.2922 14.82217894937794
HST                     
1 20580U 90037B   26171.07700591  .00005529  00000+0  17304-3 0  9998
2 20580  28.4722  60.8244 0001639 173.2571 186.8048 15.30775367789015
SL-16 R/B               
1 20625U 90046B   26171.19996259 -.00000004  00000+0  22302-4 0  9998
2 20625  71.0002  82.6208 0013104 157.1855 202.9852 14.15027279862893
COSMOS 2084             
1 20663U 90055A   26171.44756243  .00001547  00000+0  11896-3 0  9992
2 20663  62.7899 344.9624 0005714 284.4291  75.6175 15.06127213951799
SL-6 R/B(2)             
1 20666U 90055D   26171.44015618  .00001074  00000+0  90726-4 0  9994
2 20666  62.7821 264.3069 0041187   5.6187 354.5366 15.04011698953640
SL-8 R/B                
1 20775U 90078B   26171.41328308  .00021655  00000+0  61081-3 0  9998
2 20775  82.9014 158.7300 0350147  27.6142 334.3195 14.92453204824605
SL-8 R/B                
1 21088U 91006B   26171.34359145  .00000060  00000+0  44162-4 0  9992
2 21088  82.9426  93.6858 0023790 106.2013  12.7453 13.77506117778209
OKEAN-3                 
1 21397U 91039A   26171.46223762  .00002280  00000+0  15706-3 0  9996
2 21397  82.5163 237.2059 0013740 345.9153  14.1688 15.05338596880494
COSMOS 2151             
1 21422U 91042A   26171.46085270  .00001008  00000+0  77872-4 0  9999
2 21422  82.4961 344.5211 0013746  74.2084 286.0655 15.00445546878604
SL-14 R/B               
1 21423U 91042B   26171.39400448  .00000282  00000+0  32727-4 0  9993
2 21423  82.4929 123.8883 0015419 263.2236  96.7224 14.81904128868285
ERS-1                   
1 21574U 91050A   26171.01462127  .00000124  00000+0  54570-4 0  9995
2 21574  98.7796 191.7818 0030736 258.2342 101.5397 14.39518368830451
ARIANE 40 R/B           
1 21610U 91050F   26171.37747017  .00000187  00000+0  68296-4 0  9998
2 21610  98.1874 219.6701 0004341 114.5448 245.6196 14.42958577833801
INTERCOSMOS 25          
1 21819U 91086A   26171.16565212  .00000818  00000+0  16309-3 0  9998
2 21819  82.6051 248.0074 1483953 255.9628  87.2569 12.12199832509100
SL-8 R/B                
1 21876U 92008B   26171.41007464  .00000127  00000+0  11472-3 0  9993
2 21876  82.9260 191.3913 0034036 205.4965 274.9574 13.75977754723541
SL-8 R/B                
1 21938U 92020B   26171.20060138  .00000073  00000+0  59609-4 0  9995
2 21938  82.9305  77.6193 0029528  14.3464 139.5768 13.75549166715226
USA 81                  
1 21949U 92023A   26171.41838044  .00000130  00000+0  40565-4 0  9997
2 21949  85.0074  72.1427 0002754  82.0332 278.1173 14.32398946109491
COSMOS 2219             
1 22219U 92076A   26171.44454852  .00000332  00000+0  19868-3 0  9995
2 22219  71.0582 163.2619 0016764  38.9003 321.3322 14.14101263732906
SL-16 R/B               
1 22220U 92076B   26171.41167333  .00000246  00000+0  14633-3 0  9998
2 22220  71.0008 331.9882 0014765 294.4402  91.0889 14.16873960736385
COSMOS 2221             
1 22236U 92080A   26171.01411493  .00001046  00000+0  89564-4 0  9990
2 22236  82.5028 181.0561 0013519 202.2400 157.8237 14.96539106796091
SL-16 R/B               
1 22285U 92093B   26171.35190208 -.00000172  00000+0 -63842-4 0  9995
2 22285  71.0197 148.7474 0003794 182.3729 177.7377 14.15460016727683
COSMOS 2228             
1 22286U 92094A   26171.42846218  .00001457  00000+0  12222-3 0  9994
2 22286  82.5176 138.9381 0016616 320.7531  39.2486 14.97596173791433
SL-16 R/B               
1 22566U 93016B   26170.97892599  .00000127  00000+0  89392-4 0  9998
2 22566  71.0085   0.3430 0010047 179.5877 180.5256 14.15315458716648
COSMOS 2242             
1 22626U 93024A   26171.45623240  .00001283  00000+0  10930-3 0  9998
2 22626  82.5178 168.4151 0015063 324.6163  35.4058 14.96911702795766
SL-16 R/B               
1 22803U 93059B   26171.38370456 -.00000190  00000+0 -70101-4 0  9998
2 22803  70.9886 154.5628 0015335  48.5639 311.6799 14.17247821694088
ARIANE 40 R/B           
1 22830U 93061H   26171.41749074  .00000118  00000+0  58943-4 0  9999
2 22830  98.4818 238.2075 0010251 346.6122  13.4789 14.32909026708817
COSMOS 2278             
1 23087U 94023A   26171.35871112  .00000000  00000+0  24726-4 0  9997
2 23087  71.0551 320.2888 0010591 239.7350 120.2725 14.14398795659322
SL-16 R/B               
1 23088U 94023B   26171.42975815  .00000104  00000+0  78070-4 0  9997
2 23088  70.9991 215.1217 0002542 184.3948 175.7153 14.15026873660623
SL-16 R/B               
1 23343U 94074B   26171.31654903  .00000276  00000+0  43463-4 0  9995
2 23343  97.6989 197.9072 0005247 240.4341 130.3782 14.79504472702428
SL-16 R/B               
1 23405U 94077B   26171.30060616  .00000248  00000+0  15098-3 0  9999
2 23405  70.9814 136.6122 0003056 325.7412  34.3513 14.15573502630757
ARIANE 40+ R/B          
1 23561U 95021B   26171.44974659  .00000182  00000+0  71985-4 0  9993
2 23561  98.4410 241.4776 0006659 183.5948 187.0806 14.39834891634036
SL-16 R/B               
1 23705U 95058B   26171.45387037  .00000220  00000+0  13689-3 0  9991
2 23705  71.0225 324.4993 0013967 316.0138  43.9873 14.15510419582390
SL-16 R/B               
1 24298U 96051B   26171.43070052  .00000120  00000+0  91679-4 0  9992
2 24298  70.7645 317.7839 0015755 332.1213  27.9061 14.12446944536156
ORBVIEW 2 (SEASTAR)     
1 24883U 97037A   26171.43523532  .00000161  00000+0  72046-4 0  9995
2 24883  98.8691 338.5442 0003256 109.5614 250.5923 14.35554590523219
SL-16 R/B               
1 25400U 98043G   26171.45007507  .00000036  00000+0  33892-4 0  9997
2 25400  98.8365 125.6374 0010943  77.8832 282.3573 14.26069066453633
SL-16 R/B               
1 25407U 98045B   26171.41436789 -.00000124  00000+0 -38436-4 0  9999
2 25407  71.0116 325.5420 0009233 237.6099 122.4132 14.16202312441646
ISS (ZARYA)             
1 25544U 98067A   26172.76913116  .00009060  00000+0  17028-3 0  9997
2 25544  51.6326 277.4139 0004499 214.6152 145.4544 15.49357580572463
CZ-4B R/B               
1 25732U 99025C   26171.37344594  .00000027  00000+0  33597-4 0  9999
2 25732  98.6481 213.1317 0037971  50.7196 320.3503 14.18283917402725
OKEAN-O                 
1 25860U 99039A   26171.11862727  .00000442  00000+0  64557-4 0  9992
2 25860  97.9314 229.8828 0001533  71.4936 288.6442 14.80470388449540
SL-16 R/B               
1 25861U 99039B   26171.40777244  .00000338  00000+0  49532-4 0  9994
2 25861  97.9836 230.2616 0013403 285.4398  74.5334 14.81847683452070
DELTA 2 R/B             
1 25876U 99041E   26171.43135163  .00000318  00000+0  89362-4 0  9997
2 25876  51.7649 250.8374 0500852 291.6071  63.2220 14.12020124377545
HELIOS 1B               
1 25977U 99064A   26171.33913985  .00001002  00000+0  11549-3 0  9991
2 25977  98.1612  76.5701 0002549  86.8565 273.2943 14.88013500700527
TERRA                   
1 25994U 99068A   26171.44083515  .00000275  00000+0  65041-4 0  9991
2 25994  97.9454 220.8581 0001842 178.7606 238.1366 14.61105267410080
SL-16 R/B               
1 26070U 00006B   26171.38577962  .00000147  00000+0  98902-4 0  9998
2 26070  71.0017 241.8998 0015721  18.1288 342.0392 14.15834705363090
TITAN 4B R/B            
1 26474U 00047B   26171.37175720  .00002473  00000+0  15570-3 0  9999
2 26474  67.9884 111.6092 0045860 283.7197  75.8849 15.10212746408414
ENVISAT                 
1 27386U 02009A   26171.45747044  .00000056  00000+0  31949-4 0  9999
2 27386  98.3835 122.7030 0001397  89.1725  23.4510 14.39065404273958
IDEFIX & ARIANE 42P R/B 
1 27422U 02021B   26171.34575801  .00000157  00000+0  76395-4 0  9998
2 27422  98.5942 108.7947 0010639 243.5673 116.4419 14.31083354258701
AQUA                    
1 27424U 02022A   26171.42470413  .00000562  00000+0  12157-3 0  9998
2 27424  98.4278 140.7722 0000982  55.9702  96.4678 14.62162126283744
CZ-4B R/B               
1 27432U 02024C   26171.41348574  .00000020  00000+0  33026-4 0  9998
2 27432  98.8698 224.2127 0051224  91.2630 279.9070 14.14564757243763
MIDORI II (ADEOS-II)    
1 27597U 02056A   26171.42813808  .00000187  00000+0  91270-4 0  9992
2 27597  98.7878 130.7155 0002170  72.4390 287.7029 14.29351082224970
H-2A R/B                
1 27601U 02056E   26171.37184816  .00000147  00000+0  66358-4 0  9997
2 27601  98.3312 127.9303 0069329 214.9503 259.8197 14.33823212228824
CZ-4B R/B               
1 28059U 03049C   26171.39436604  .00000203  00000+0  58421-4 0  9990
2 28059  98.6896 170.3685 0046888 278.5075  81.0809 14.55101887201537
CZ-2C R/B               
1 28222U 04012C   26171.20162357  .00092955  00000+0  50848-3 0  9993
2 28222  97.7079 247.2165 0009801 270.9770  89.0373 15.79516887220375
SL-16 R/B               
1 28353U 04021B   26171.27261573 -.00000171  00000+0 -64309-4 0  9994
2 28353  71.0005  17.2138 0007144 250.8793 109.1556 14.14607323137344
CZ-4B R/B               
1 28415U 04035C   26171.33593882  .00006049  00000+0  20403-3 0  9990
2 28415  97.3363 204.3739 0029557 326.3622  33.5742 15.30663439195608
CZ-2C R/B               
1 28480U 04046B   26171.34677605  .00000046  00000+0  32382-4 0  9992
2 28480  98.1943  79.9302 0138645 210.8608 148.4371 14.27027088123148
ARIANE 5 R/B            
1 28499U 04049H   26171.43087523  .00000409  00000+0  51609-4 0  9995
2 28499  98.2723 343.8089 0084257  18.9811 341.4511 14.85452241161041
CZ-2D R/B               
1 28738U 05024B   26171.02428521  .00051696  00000+0  43299-3 0  9996
2 28738  97.3481 190.5942 0002904  47.7196 312.4312 15.69825717155784
ALOS (DAICHI)           
1 28931U 06002A   26171.42573416  .00000762  00000+0  13518-3 0  9995
2 28931  98.1324 126.9830 0001325  56.4754 303.6579 14.70055733 88579
H-2A R/B                
1 28932U 06002B   26171.41615500  .00005436  00000+0  26227-3 0  9990
2 28932  98.2572 327.5370 0049623 251.0264 108.5587 15.18095086110010
RESURS-DK 1             
1 29228U 06021A   26171.40661411  .00001448  00000+0  87373-4 0  9990
2 29228  69.9331 331.2197 0006868 290.2744  69.7684 15.13228164103061
CZ-4B R/B               
1 29507U 06046C   26171.15364409  .00002962  00000+0  14825-3 0  9999
2 29507  97.5448 215.7517 0030926 271.9092  87.8599 15.17800930 75585
CZ-2C R/B               
1 31114U 07010B   26171.30055291  .00000050  00000+0  41952-4 0  9999
2 31114  98.4102 279.4991 0058827 357.0679   3.0145 14.20276704994282
COSMO-SKYMED 1          
1 31598U 07023A   26172.54623949  .00002341  00000+0  20804-3 0  9994
2 31598  97.8853   4.4384 0001612  96.2803 263.8602 14.97118892 30447
COSMOS 2428             
1 31792U 07029A   26170.90473080 -.00000091  00000+0 -23180-4 0  9996
2 31792  70.9350 348.7715 0007125 129.7553 230.4196 14.12927887978536
SL-16 R/B               
1 31793U 07029B   26171.35404384 -.00000012  00000+0  18759-4 0  9996
2 31793  70.9771 316.5706 0002390 262.9025 119.5421 14.14855736979893
KORONAS-FOTON           
1 33504U 09003A   26171.44475332  .00010047  00000+0  20622-3 0  9992
2 33504  82.4290 168.8611 0011982 137.0460 223.1726 15.45780361961600
CZ-2C R/B               
1 37731U 11030B   26171.42757175  .00000955  00000+0  12584-3 0  9992
2 37731  97.8654 126.7551 0052789  17.5996  94.3487 14.81478072805300
H-2A R/B                
1 38341U 12025E   26171.43489571  .00001559  00000+0  14369-3 0  9992
2 38341  98.4832 146.8481 0043436 338.4525  21.4864 14.95733305763570
SHIJIAN-16 (SJ-16)      
1 39358U 13057A   26172.52913650  .00001372  00000+0  13578-3 0  9992
2 39358  74.9732 348.4587 0016708 220.7333 139.2607 14.92613704686996
SL-4 R/B                
1 39679U 14021B   26171.36909396  .00008010  00000+0  16837-3 0  9990
2 39679  51.6042 195.1816 0091103 117.5578 243.4698 15.42008265672108
ALOS-2                  
1 39766U 14029A   26172.53530381  .00000639  00000+0  92443-4 0  9996
2 39766  97.9218 269.6368 0001658  90.7283 269.4118 14.79467590652228
YAOGAN-29               
1 41038U 15069A   26172.49576502  .00000544  00000+0  73435-4 0  9991
2 41038  98.0024 201.1358 0002382  47.5165 312.6249 14.83088194571268
ASTRO-H (HITOMI)        
1 41337U 16012A   26171.07394254  .00001943  00000+0  10927-3 0  9997
2 41337  30.9996  55.5433 0009776 282.4746  77.4798 15.10521114567723
HXMT (HUIYAN)           
1 42758U 17034A   26172.40992159  .00002194  00000+0  11483-3 0  9993
2 42758  43.0125 159.5267 0031167 174.2454 185.8758 15.18496419498307
SAOCOM 1A               
1 43641U 18076A   26172.52423670 -.00000206  00000+0 -19356-4 0  9994
2 43641  97.8886 359.2090 0001523  80.8959 279.2427 14.82149058416741
H-2A R/B                
1 43682U 18084L   26171.43084301  .00017446  00000+0  36520-3 0  9994
2 43682  98.8570  51.0288 0023158  29.5846 330.6703 15.45261190421620
SAOCOM 1B               
1 46265U 20059A   26172.48788333  .00000696  00000+0  93980-4 0  9994
2 46265  97.8892 358.2684 0001631  85.2510 274.8890 14.82150660314128
CSS (TIANHE)            
1 48274U 21035A   26171.43213816  .00020661  00000+0  24268-3 0  9990
2 48274  41.4693 302.2526 0007384 105.8714 254.2939 15.60937952293670
COSMOS 2550             
1 48865U 21056A   26172.52340450  .00002786  00000+0  90492-4 0  9996
2 48865  67.1433  86.7893 0008371 268.8724  91.1471 15.33824588279383
CZ-2C R/B               
1 52794U 22058K   26171.31288139  .00034149  00000+0  37678-3 0  9990
2 52794  50.1848 147.2516 0032400 280.9513  78.7816 15.62055000226133
CZ-2C R/B               
1 54039U 22132E   26170.95396000  .00054114  00000+0  41476-3 0  9998
2 54039  97.2906 178.1016 0015540  75.9448 284.3542 15.71789278206384
GSLV R/B                
1 54149U 22138AN  26171.39262727  .00001845  00000+0  15597-3 0  9991
2 54149  87.3806 131.9079 0023267 132.8603 227.4588 14.97268932199297
XRISM                   
1 57800U 23137A   26171.16040668  .00004151  00000+0  22709-3 0  9997
2 57800  31.0032 340.3423 0007922 353.3613   6.6920 15.12489019153310
ACS3                    
1 59588U 24077B   26171.36336138  .00040774  00000+0  29681-1 0  9993
2 59588  97.1691  89.4458 0082058  61.6026 299.3382 13.94333623108486
CZ-8A R/B               
1 66004U 25231K   26171.33611209 -.00000031  00000+0  47222-4 0  9996
2 66004  50.0053  25.9191 0116482 235.0958 123.8966 14.30155599 35399
SZ-21 MODULE            
1 66515U 25246C   26171.38315940  .00041738  00000+0  25384-3 0  9999
2 66515  41.4727 287.4171 0005787  13.1539 346.9456 15.76651737 34247

DMSP 5D-3 F16 (USA 172) 
1 28054U 03048A   26171.42689955 -.00000038  00000+0  37443-5 0  9996
2 28054  98.9889 195.2768 0007887 132.0538 331.9039 14.14483136169944
METEOSAT-9 (MSG-2)      
1 28912U 05049B   26170.92883707  .00000115  00000+0  00000+0 0  9995
2 28912   9.3683  54.1432 0001774 346.4633 247.5699  1.00273646  7020
DMSP 5D-3 F17 (USA 191) 
1 29522U 06050A   26171.42241591 -.00000013  00000+0  15609-4 0  9995
2 29522  98.7378 177.9264 0011060  51.0273 309.1884 14.14993196 12885
FENGYUN 3A              
1 32958U 08026A   26171.43054098  .00000055  00000+0  46755-4 0  9993
2 32958  98.6883 112.2031 0009703 115.2254 244.9929 14.19571712935868
GOES 14                 
1 35491U 09033A   26171.34840896 -.00000308  00000+0  00000+0 0  9996
2 35491   1.6993  83.0080 0001921  13.0479  77.9267  1.00110067  6626
DMSP 5D-3 F18 (USA 210) 
1 35951U 09057A   26171.39400846  .00000210  00000+0  13184-3 0  9997
2 35951  98.9038 152.1561 0009964 239.2588 120.7604 14.14898526860044
EWS-G2 (GOES 15)        
1 36411U 10008A   26171.11943681  .00000015  00000+0  00000+0 0  9998
2 36411   1.2866  82.8036 0004924  42.0631 250.1257  1.00266729 59663
COMS 1                  
1 36744U 10032A   26171.12316773  .00000087  00000+0  00000+0 0  9990
2 36744   4.8136  75.3217 0011650  12.3209 286.7612  0.99163259 51117
FENGYUN 3B              
1 37214U 10059A   26172.56789564  .00000611  00000+0  33905-3 0  9990
2 37214  98.9613 218.6016 0022188 171.6777 356.3576 14.14844553808040
SUOMI NPP               
1 37849U 11061A   26171.44192975  .00000061  00000+0  50150-4 0  9999
2 37849  98.7953 112.2958 0001348 359.0198   1.0975 14.19517985758904
METEOSAT-10 (MSG-3)     
1 38552U 12035B   26171.03561044 -.00000013  00000+0  00000+0 0  9997
2 38552   4.6793  61.0121 0001484   2.4454 217.8971  1.00266543 50884
METOP-B                 
1 38771U 12049A   26171.42762080  .00000060  00000+0  47478-4 0  9997
2 38771  98.6503 222.8621 0002032  10.6441 349.4779 14.21440128713725
INSAT-3D                
1 39216U 13038B   26171.27504292 -.00000345  00000+0  00000+0 0  9995
2 39216   1.9351  82.5055 0000638 326.5441  87.9271  1.00267986 47115
FENGYUN 3C              
1 39260U 13052A   26172.49624285  .00000036  00000+0  39296-4 0  9990
2 39260  98.4988 146.1733 0015000  15.7162 344.4476 14.15755814659172
METEOR-M 2              
1 40069U 14037A   26172.50978403 -.00000166  00000+0 -56554-4 0  9991
2 40069  98.5120 148.0953 0006595  33.6763 326.4832 14.21461368619931
HIMAWARI-8              
1 40267U 14060A   26171.46088416 -.00000280  00000+0  00000+0 0  9993
2 40267   0.0187  51.4118 0001168  42.2924 121.5465  1.00270806 42796
FENGYUN 2G              
1 40367U 14090A   26172.16642169 -.00000306  00000+0  00000+0 0  9995
2 40367   5.6502  72.7719 0003712 157.9383 198.2472  1.00270539 42031
METEOSAT-11 (MSG-4)     
1 40732U 15034A   26171.32244802  .00000057  00000+0  00000+0 0  9991
2 40732   3.2087  71.0883 0002400 346.3671 336.7454  1.00264042  7245
ELEKTRO-L 2             
1 41105U 15074A   26169.03651196 -.00000126  00000+0  00000+0 0  9991
2 41105   6.6975  70.5132 0000902 256.1704 298.2263  1.00270556 38515
SENTINEL-3A             
1 41335U 16011A   26171.44253080  .00000048  00000+0  37722-4 0  9994
2 41335  98.6248 238.7795 0001418  99.3701 260.7640 14.26733412538520
INSAT-3DR               
1 41752U 16054A   26171.40667204 -.00000081  00000+0  00000+0 0  9999
2 41752   0.1148  86.2468 0010425 187.4441 215.2920  1.00271300 35856
HIMAWARI-9              
1 41836U 16064A   26171.46088412  .00000000  00000+0  00000+0 0  9997
2 41836   0.0140 351.6731 0000932 111.3358 112.3453  1.00270283 35247
GOES 16                 
1 41866U 16071A   26171.35461541 -.00000095  00000+0  00000+0 0  9999
2 41866   0.3504  85.5238 0000306 339.5740 226.4328  1.00271436 35133
FENGYUN 4A              
1 41882U 16077A   26172.55715684 -.00000359  00000+0  00000+0 0  9999
2 41882   2.3350  80.2401 0008569 153.4835   0.2982  1.00266450 34978
CYGFM05                 
1 41884U 16078A   26171.32171544  .00019452  00000+0  26251-3 0  9990
2 41884  34.9559 239.8312 0007362 181.9302 178.1395 15.56789762529244
CYGFM04                 
1 41885U 16078B   26171.41040240  .00025123  00000+0  28119-3 0  9996
2 41885  34.9311 206.7708 0007079 223.5840 136.4326 15.61665288529500
CYGFM02                 
1 41886U 16078C   26171.40489205  .00028987  00000+0  28782-3 0  9991
2 41886  34.9392 201.2489 0008091 224.9077 135.0995 15.64678561529674
CYGFM01                 
1 41887U 16078D   26171.30905894  .00020338  00000+0  26751-3 0  9994
2 41887  34.9389 240.9472 0007062 175.8238 184.2546 15.57471223529196
CYGFM08                 
1 41888U 16078E   26171.45513382  .00022398  00000+0  26567-3 0  9991
2 41888  34.9419 219.4708 0008738 207.6434 152.3827 15.60162461529482
CYGFM07                 
1 41890U 16078G   26171.41407463  .00022736  00000+0  26880-3 0  9996
2 41890  34.9433 208.0826 0007489 222.6573 137.3571 15.60258013529500
CYGFM03                 
1 41891U 16078H   26171.44907869  .00021797  00000+0  25786-3 0  9995
2 41891  34.9390 209.7861 0006918 211.7965 148.2343 15.60252937529484
FENGYUN 3D              
1 43010U 17072A   26172.51679571 -.00000158  00000+0 -52975-4 0  9991
2 43010  99.0133 147.0175 0002490  55.5625 304.5785 14.19739395445605
NOAA 20 (JPSS-1)        
1 43013U 17073A   26171.38467992  .00000046  00000+0  42637-4 0  9999
2 43013  98.7771 110.8189 0000383 117.6624 242.4591 14.19512290444925
GOES 17                 
1 43226U 18022A   26171.38933449 -.00000187  00000+0  00000+0 0  9995
2 43226   0.9463  85.6559 0000598  28.1563 205.4138  1.00269480 30451
SENTINEL-3B             
1 43437U 18039A   26171.41568603  .00000074  00000+0  48499-4 0  9990
2 43437  98.6248 238.9017 0000727  94.6800 265.4463 14.26735540424583
FENGYUN 2H              
1 43491U 18050A   26172.54842275 -.00000131  00000+0  00000+0 0  9994
2 43491   3.0437  79.0286 0001805 136.1614 331.3565  1.00269411 29481
METOP-C                 
1 43689U 18087A   26171.44664144  .00000064  00000+0  49212-4 0  9995
2 43689  98.6643 230.9907 0001880 125.1991 234.9363 14.21512882395295
GEO-KOMPSAT-2A          
1 43823U 18100A   26171.41741235 -.00000348  00000+0  00000+0 0  9998
2 43823   0.0473 151.2642 0002170 295.2838 100.6088  1.00272261 27669
METEOR-M2 2             
1 44387U 19038A   26172.52968670  .00000005  00000+0  22237-4 0  9992
2 44387  98.9151 159.8796 0001904  41.8346 318.2978 14.24366528361915
ARKTIKA-M 1             
1 47719U 21016A   26168.49069990 -.00000210  00000+0  00000+0 0  9999
2 47719  63.2922  57.5948 7288528 269.9420  14.6012  2.00622504 38796
FENGYUN 3E              
1 49008U 21062A   26172.50017913  .00000183  00000+0  10675-3 0  9999
2 49008  98.7495 175.8605 0002823  78.9678 281.1816 14.19904829257195
GOES 18                 
1 51850U 22021A   26170.93705689  .00000091  00000+0  00000+0 0  9997
2 51850   0.0372 171.7340 0000425 325.4670 331.2805  1.00271950  6625
NOAA 21 (JPSS-2)        
1 54234U 22150A   26171.41746469  .00000044  00000+0  41590-4 0  9996
2 54234  98.7059 110.1525 0001836 147.2077 212.9214 14.19565986187000
METEOSAT-12 (MTG-I1)    
1 54743U 22170C   26171.24937015 -.00000013  00000+0  00000+0 0  9996
2 54743   0.7421  23.5307 0003320  70.9892 263.3203  1.00273524 13009
TIANMU-1 03             
1 55973U 23039A   26172.51236689  .00012760  00000+0  25107-3 0  9997
2 55973  97.5243 346.6508 0004082  88.7124 271.4593 15.47392330181500
TIANMU-1 04             
1 55974U 23039B   26172.50017186  .00013293  00000+0  25608-3 0  9994
2 55974  97.5177 345.7923 0004718  83.9821 276.1966 15.47992980181519
TIANMU-1 05             
1 55975U 23039C   26172.49333985  .00012617  00000+0  24893-3 0  9995
2 55975  97.5221 346.2447 0004106 104.9703 255.2001 15.47316256181481
TIANMU-1 06             
1 55976U 23039D   26172.50381902  .00013184  00000+0  25487-3 0  9990
2 55976  97.5229 346.8955 0004324  99.6322 260.5416 15.47896063181511
FENGYUN 3G              
1 56232U 23055A   26172.48258118  .00019904  00000+0  32143-3 0  9996
2 56232  49.9935 323.8862 0007121 314.2701  45.7681 15.52798254180671
METEOR-M2 3             
1 57166U 23091A   26172.52499583 -.00000006  00000+0  16221-4 0  9995
2 57166  98.6080 227.4146 0004589 144.4775 215.6710 14.24047159155136
TIANMU-1 07             
1 57399U 23101A   26172.48254884  .00004853  00000+0  17043-3 0  9998
2 57399  97.2589 223.0524 0004274 112.8221 247.3472 15.29848940162308
TIANMU-1 08             
1 57400U 23101B   26172.51458675  .00005094  00000+0  17870-3 0  9995
2 57400  97.2578 222.8538 0005687 104.7184 255.4688 15.29854432162300
TIANMU-1 09             
1 57401U 23101C   26172.49791285  .00005141  00000+0  18018-3 0  9998
2 57401  97.2536 222.2510 0004785 117.1207 243.0522 15.29886210162300
TIANMU-1 10             
1 57402U 23101D   26172.46563515  .00005026  00000+0  17632-3 0  9992
2 57402  97.2615 223.2743 0006346 115.1029 245.0871 15.29857439162291
FENGYUN 3F              
1 57490U 23111A   26172.48399582  .00000011  00000+0  25698-4 0  9994
2 57490  98.6835 242.4127 0001582  90.3874 269.7484 14.19939702149475
ARKTIKA-M 2             
1 58584U 23198A   26168.75920439  .00000145  00000+0  00000+0 0  9993
2 58584  63.2243 154.2920 6902344 267.4286  18.7609  2.00612717 18330
TIANMU-1 11             
1 58645U 23205A   26172.50950514  .00004206  00000+0  16121-3 0  9992
2 58645  97.3448 193.9985 0008423   2.1524 357.9750 15.27032570138189
TIANMU-1 12             
1 58646U 23205B   26172.54550061  .00004499  00000+0  17246-3 0  9993
2 58646  97.3438 193.7888 0006195 347.6663  12.4424 15.26998880138178
TIANMU-1 13             
1 58647U 23205C   26172.51256397  .00004285  00000+0  16517-3 0  9999
2 58647  97.3464 194.0296 0005433 323.2905  36.7961 15.26851187138160
TIANMU-1 14             
1 58648U 23205D   26172.49764391  .00004278  00000+0  16465-3 0  9999
2 58648  97.3401 193.1933 0006382 328.1981  31.8872 15.26895930138163
TIANMU-1 19             
1 58660U 23208A   26172.40296416  .00006532  00000+0  21646-3 0  9997
2 58660  97.4505 288.7245 0003546 308.1636  51.9285 15.31627133137977
TIANMU-1 20             
1 58661U 23208B   26172.56804883  .00006296  00000+0  20107-3 0  9996
2 58661  97.4447 289.5303 0005732 315.3365  44.7415 15.32819357138096
TIANMU-1 21             
1 58662U 23208C   26172.48460245  .00007912  00000+0  23428-3 0  9993
2 58662  97.4507 292.1457 0005737 305.0266  55.0438 15.35141113138221
TIANMU-1 22             
1 58663U 23208D   26172.51689759  .00005940  00000+0  20026-3 0  9991
2 58663  97.4501 288.7713 0002791 346.8495  13.2672 15.31108395137996
TIANMU-1 15             
1 58700U 24004A   26172.55454425  .00004449  00000+0  17035-3 0  9991
2 58700  97.4674 358.7457 0006262 346.3791  13.7278 15.27060875136444
TIANMU-1 16             
1 58701U 24004B   26172.54456803  .00004530  00000+0  17484-3 0  9992
2 58701  97.4622 357.9677 0005379 352.3663   7.7493 15.26785843136446
TIANMU-1 17             
1 58702U 24004C   26172.53002447  .00004662  00000+0  17987-3 0  9997
2 58702  97.4648 358.4398 0005070 359.4602   0.6630 15.26784809136435
TIANMU-1 18             
1 58703U 24004D   26172.50568463  .00004179  00000+0  16032-3 0  9993
2 58703  97.4666 358.6735 0003609   0.4275 359.6966 15.27041126136436
INSAT-3DS               
1 58990U 24033A   26171.40823205 -.00000160  00000+0  00000+0 0  9990
2 58990   0.0479 106.3313 0001171 331.3573  59.9873  1.00271082 47109
METEOR-M2 4             
1 59051U 24039A   26172.54463940  .00000004  00000+0  21415-4 0  9991
2 59051  98.7012 131.7880 0007535 149.0442 211.1182 14.22429890119885
GOES 19                 
1 60133U 24119A   26171.37127980 -.00000253  00000+0  00000+0 0  9993
2 60133   0.0015 112.2371 0000407  49.5773 165.2311  1.00270517  6990
MTG-S1                  
1 64723U 25143A   26171.39155049 -.00000005  00000+0  00000+0 0  9994
2 64723   0.6001 339.7327 0000829 294.1194 133.2187  1.00399694  3452
METOP-SGA1              
1 65159U 25172A   26167.15332899  .00000049  00000+0  42000-4 0  9997
2 65159  98.6644 226.8998 0000902  93.8213 266.3067 14.21509720 43644
FENGYUN 3H              
1 65815U 25219A   26171.42343481  .00000033  00000+0  36111-4 0  9991
2 65815  98.6768 112.1297 0001572  74.5092 285.6258 14.19920896 37843

SCD 1                   
1 22490U 93009B   26171.33203697  .00000313  00000+0  34510-4 0  9991
2 22490  24.9675 188.1587 0041952 170.9157 213.0702 14.46119674761575
TECHSAT 1B (GO-32)      
1 25397U 98043D   26171.43605319  .00000032  00000+0  33890-4 0  9999
2 25397  99.0068 164.2767 0001219 156.5266 203.5967 14.24428915451795
SCD 2                   
1 25504U 98060A   26171.07540117  .00000341  00000+0  44252-4 0  9999
2 25504  24.9960  54.3455 0016856 153.1205 320.9038 14.45526782460747
DLR-TUBSAT              
1 25757U 99029B   26170.98014943  .00000046  00000+0  23075-4 0  9999
2 25757  98.6694 166.5761 0013868 346.6123  13.4702 14.52427375433651
TERRA                   
1 25994U 99068A   26171.44083515  .00000275  00000+0  65041-4 0  9991
2 25994  97.9454 220.8581 0001842 178.7606 238.1366 14.61105267410080
MAROC-TUBSAT            
1 27004U 01056D   26171.37260714 -.00000034  00000+0  13845-4 0  9994
2 27004  99.8084 348.2921 0020418 133.3391 346.0489 13.70262541226623
AQUA                    
1 27424U 02022A   26171.42470413  .00000562  00000+0  12157-3 0  9998
2 27424  98.4278 140.7722 0000982  55.9702  96.4678 14.62162126283744
SHIYAN-1 (SY-1)         
1 28220U 04012A   26171.18463165  .00011063  00000+0  34057-3 0  9994
2 28220  97.8685 249.4480 0005306  22.5113 337.6360 15.33824479211556
AURA                    
1 28376U 04026A   26171.40966628  .00000566  00000+0  12442-3 0  9998
2 28376  98.3418 127.8897 0001187  77.8282 282.3052 14.61333094166687
IRS-P5 (CARTOSAT-1)     
1 28649U 05017A   26171.03106645  .00000963  00000+0  10255-3 0  9997
2 28649  97.5305 193.9666 0002525  76.4954 283.6546 14.91055438144248
SINAH 1                 
1 28893U 05043D   26171.40278067  .00000224  00000+0  51932-4 0  9994
2 28893  98.2865 305.7437 0013138 265.6982  94.2719 14.64159377100991
RESURS-DK 1             
1 29228U 06021A   26171.40661411  .00001448  00000+0  87373-4 0  9990
2 29228  69.9331 331.2197 0006868 290.2744  69.7684 15.13228164103061
ARIRANG-2 (KOMPSAT-2)   
1 29268U 06031A   26172.53289414  .00000161  00000+0  38659-4 0  9993
2 29268  97.8312 356.7686 0015793  62.1883  22.3025 14.64662141 62112
LAPAN-TUBSAT            
1 29709U 07001A   26172.49664299  .00001154  00000+0  13862-3 0  9995
2 29709  98.1347 171.8184 0012315 165.0172 195.1409 14.85956536 51798
HAIYANG-1B              
1 31113U 07010A   26171.43105603  .00000067  00000+0  41288-4 0  9995
2 31113  98.3495 153.1505 0013231 186.4668 173.6347 14.31027586  1108
COSMO-SKYMED 1          
1 31598U 07023A   26172.54623949  .00002341  00000+0  20804-3 0  9994
2 31598  97.8853   4.4384 0001612  96.2803 263.8602 14.97118892 30447
TERRASAR-X              
1 31698U 07026A   26170.49711592  .00000145  00000+0  10104-4 0  9995
2 31698  97.4452 178.1696 0001572  90.3933 269.7482 15.19151206 53579
WORLDVIEW-1 (WV-1)      
1 32060U 07041A   26171.44311463  .00004743  00000+0  19700-3 0  9993
2 32060  97.3881 291.1401 0001947  10.6143 349.5135 15.24296645 43374
YAOGAN-3                
1 32289U 07055A   26172.55727374  .00001742  00000+0  18283-3 0  9997
2 32289  97.8147 202.3919 0001754  82.7386 277.4032 14.90793867  6521
COSMO-SKYMED 2          
1 32376U 07059A   26172.48171627  .00000278  00000+0  41513-4 0  9990
2 32376  97.8888 356.0172 0001333  89.2119 270.9247 14.82157909  2644
RADARSAT-2              
1 32382U 07061A   26172.51594895  .00000089  00000+0  51486-4 0  9990
2 32382  98.5779 179.3870 0001308  84.3473 275.7858 14.29982678966572
CARTOSAT-2A             
1 32783U 08021A   26172.51099611  .00001267  00000+0  17696-3 0  9991
2 32783  97.7628 221.0728 0013330  96.4021 263.8709 14.79246926979446
HUANJING 1A (HJ-1A)     
1 33320U 08041A   26172.54910723  .00000719  00000+0  92209-4 0  9995
2 33320  97.6688 158.2194 0020258 121.0821 239.2385 14.83994384959052
HUANJING 1B (HJ-1B)     
1 33321U 08041B   26172.52016529  .00000692  00000+0  89798-4 0  9994
2 33321  97.6522 161.3498 0036434 166.7610 193.4570 14.83321897959057
GEOEYE 1                
1 33331U 08042A   26171.43092722  .00000322  00000+0  69364-4 0  9991
2 33331  98.1235 245.3211 0005299  61.7686 298.4052 14.64728217950624
THEOS                   
1 33396U 08049A   26172.47803064  .00000318  00000+0  16891-3 0  9994
2 33396  98.5565 229.6229 0001189  81.1049 279.0262 14.20135036918571
COSMO-SKYMED 3          
1 33412U 08054A   26172.52556606  .00002734  00000+0  18677-3 0  9990
2 33412  97.8285  31.1674 0013918 249.8501 110.1229 15.06975009957590
YAOGAN-4                
1 33446U 08061A   26171.40531236  .00000754  00000+0  98778-4 0  9994
2 33446  97.9306 104.8918 0015630  62.9607 297.3200 14.83205273946144
GOSAT (IBUKI)           
1 33492U 09002A   26171.20655268  .00000825  00000+0  15400-3 0  9990
2 33492  98.0896 282.2496 0001472  79.8858 280.2513 14.67540318931907
DEIMOS-1                
1 35681U 09041A   26172.52729519  .00000293  00000+0  50338-4 0  9991
2 35681  97.7413 329.5665 0001932 127.1499 232.9888 14.75240261907525
DUBAISAT-1              
1 35682U 09041B   26171.34499823  .00000558  00000+0  90158-4 0  9991
2 35682  98.0056 304.5680 0011555  64.7840 295.4565 14.75126564905568
OCEANSAT-2              
1 35931U 09051A   26172.48869671 -.00000206  00000+0 -11482-3 0  9991
2 35931  98.2323 158.9111 0015564 222.9325 137.0628 13.99663293879936
WORLDVIEW-2 (WV-2)      
1 35946U 09055A   26171.43434226  .00000074  00000+0  39024-4 0  9993
2 35946  98.4736 244.8392 0003904 197.1110 162.9946 14.37900227876119
SMOS                    
1 36036U 09059A   26171.45582071  .00000169  00000+0  67815-4 0  9996
2 36036  98.4426 358.7428 0001324  87.9186 272.2154 14.39774008873924
YAOGAN-7                
1 36110U 09069A   26171.40605635  .00000340  00000+0  54142-4 0  9997
2 36110  98.0068  57.2532 0025376  31.7797 328.4939 14.78012533890105
TANDEM-X                
1 36605U 10030A   26170.49711645  .00000194  00000+0  12414-4 0  9996
2 36605  97.4451 178.1721 0001891  87.7400 272.4051 15.19151444886990
CARTOSAT-2B             
1 36795U 10035A   26172.46754234  .00000542  00000+0  81042-4 0  9991
2 36795  97.9947 222.9908 0011566 169.8570 190.2877 14.78666375860487
YAOGAN-10               
1 36834U 10038A   26172.54471892  .00001149  00000+0  13987-3 0  9999
2 36834  97.8975 195.9149 0001741  85.2540  66.2465 14.85360559857854
COSMO-SKYMED 4          
1 37216U 10060A   26172.49438603  .00000303  00000+0  44605-4 0  9999
2 37216  97.8893 356.0310 0001447  86.3912 273.7467 14.82157004845205
RESOURCESAT-2           
1 37387U 11015A   26171.46738348  .00000002  00000+0  20960-4 0  9998
2 37387  98.7643 238.8867 0010271 244.9511 115.0601 14.21600287786642
HAIYANG-2A              
1 37781U 11043A   26172.47922443  .00000225  00000+0  28474-3 0  9994
2 37781  99.3397 175.0606 0005810  82.6456 277.5353 13.74333314747246
RASAT                   
1 37791U 11044D   26172.52968278  .00000225  00000+0  47487-4 0  9994
2 37791  98.0574 263.8605 0020577 174.9075 196.0613 14.68169242793824
SRMSAT                  
1 37841U 11058D   26171.35085059  .00000352  00000+0  47312-4 0  9990
2 37841  19.9729  40.3181 0011727 238.5935 283.9086 14.11576136758261
PLEIADES 1A             
1 38012U 11076F   26172.52813065  .00000394  00000+0  94560-4 0  9990
2 38012  98.1970 247.5734 0001732  94.5513  30.1518 14.58533884772623
ZIYUAN 1-02C (ZY 1-02C) 
1 38038U 11079A   26172.53713726  .00000583  00000+0  20616-3 0  9995
2 38038  98.4066 239.7552 0005290 301.3280 167.3029 14.38218740759831
ARIRANG-3 (KOMPSAT-3)   
1 38338U 12025B   26172.48069449  .00000291  00000+0  66986-4 0  9997
2 38338  98.1172 129.8665 0006785  98.6796 261.5175 14.62209168751978
EXACTVIEW-1 (ADS-1B)    
1 38709U 12039C   26171.33029843  .00000089  00000+0  57653-4 0  9997
2 38709  98.9781 288.7915 0011328 157.6726 202.4948 14.24985343723150
SPOT 6                  
1 38755U 12047A   26172.51970411  .00000516  00000+0  12081-3 0  9994
2 38755  98.2113 239.7786 0001546  92.3922 267.7455 14.58566130733681
PLEIADES 1B             
1 39019U 12068A   26172.47002948  .00000522  00000+0  12215-3 0  9993
2 39019  98.1941 247.4631 0001688  90.3028 269.8364 14.58563736721475
GOKTURK 2               
1 39030U 12073A   26172.48863488  .00000068  00000+0  16886-4 0  9991
2 39030  97.6820   9.7037 0001389  58.2802 301.8544 14.75545326725147
LANDSAT 8               
1 39084U 13008A   26171.45824818  .00000230  00000+0  61084-4 0  9990
2 39084  98.2301 241.5547 0001358  93.7192 266.4162 14.57096364698370
SARAL                   
1 39086U 13009A   26171.46261523  .00000045  00000+0  32654-4 0  9997
2 39086  98.5558 357.9883 0000619 282.5589  77.5526 14.32856589696077
GAOFEN-1                
1 39150U 13018A   26172.53563603  .00000311  00000+0  51792-4 0  9992
2 39150  97.9088 244.5158 0015737 251.0160 108.9345 14.76540302708881
VNREDSAT 1              
1 39160U 13021B   26172.46066258  .00000527  00000+0  10708-3 0  9993
2 39160  97.9074 225.7135 0001739  88.4523 271.6880 14.64861023700916
ARIRANG-5 (KOMPSAT-5)   
1 39227U 13042A   26172.48920211  .00000234  00000+0  21075-4 0  9995
2 39227  97.6201 359.1288 0005354 111.2798 248.9000 15.04495629704506
SKYSAT-A                
1 39418U 13066C   26170.70438518  .00002071  00000+0  12046-3 0  9998
2 39418  97.3811 220.0216 0019939 308.1910  51.7525 15.12985941688868
DUBAISAT-2              
1 39419U 13066D   26172.51011340  .00004601  00000+0  28495-3 0  9996
2 39419  97.4570 162.5409 0011910  26.7745 333.4097 15.10212102687049
GPM-CORE                
1 39574U 14009C   26171.44675697  .00009759  00000+0  21311-3 0  9997
2 39574  64.9722 297.2099 0011702 252.7565 107.2295 15.44632575698316
SENTINEL-1A             
1 39634U 14016A   26172.48177712  .00000452  00000+0  10548-3 0  9993
2 39634  98.1781 179.9521 0001391  81.1545 278.9812 14.59201426650645
KAZEOSAT 1              
1 39731U 14024A   26172.53169137  .00000393  00000+0  13252-3 0  9997
2 39731  98.3200 244.8715 0001291  77.1135 283.0199 14.42082456639180
ALOS-2                  
1 39766U 14029A   26172.53530381  .00000639  00000+0  92443-4 0  9996
2 39766  97.9218 269.6368 0001658  90.7283 269.4118 14.79467590652228
KAZEOSAT 2              
1 40010U 14033A   26172.54108969  .00000113  00000+0  18924-4 0  9998
2 40010  97.5407  11.9225 0007483 313.6499  46.4096 14.85473699649606
HODOYOSHI-4             
1 40011U 14033B   26172.53914405  .00001346  00000+0  15121-3 0  9992
2 40011  97.5457 357.1508 0022176 293.0169  66.8709 14.88136903649459
DEIMOS-2                
1 40013U 14033D   26172.53738174  .00001554  00000+0  15187-3 0  9994
2 40013  97.5819  46.8723 0001408  60.2856 299.8504 14.93736204638372
HODOYOSHI-3             
1 40015U 14033F   26171.41846669  .00000763  00000+0  93914-4 0  9997
2 40015  97.6421 334.3289 0032388 346.5693  13.4657 14.85393755648108
SPOT 7                  
1 40053U 14034A   26172.49638149  .00000684  00000+0  14881-3 0  9998
2 40053  98.0622 234.8775 0001282  95.4962 264.6386 14.60962750637769
SKYSAT-B                
1 40072U 14037D   26171.42007102  .00000964  00000+0  11167-3 0  9998
2 40072  98.3840 130.5693 0004150 267.9415  92.1324 14.88034632646442
WORLDVIEW-3 (WV-3)      
1 40115U 14048A   26171.46899535  .00000601  00000+0  76637-4 0  9993
2 40115  97.8566 246.2566 0000722  21.7214 338.4031 14.85026395642392
GAOFEN-2                
1 40118U 14049A   26172.50067434  .00000583  00000+0  82406-4 0  9998
2 40118  98.0103 236.7043 0006386 210.2228 149.8617 14.80903184639879
YAOGAN-21               
1 40143U 14053A   26172.55485899  .00009004  00000+0  34775-3 0  9997
2 40143  97.1472 212.6033 0009920  81.2546 278.9817 15.26432475655622
YAOGAN-22               
1 40275U 14063A   26171.37983304 -.00000017  00000+0  79445-4 0  9997
2 40275 100.7729 322.7060 0006417 178.2010 181.9125 13.15531032560230
ASNARO                  
1 40298U 14070A   26172.50572003  .00008347  00000+0  39614-3 0  9992
2 40298  97.3443 248.5041 0006050 151.6221 208.5345 15.19488914644661
YAOGAN-24               
1 40310U 14072A   26172.55565856  .00000937  00000+0  14286-3 0  9997
2 40310  98.1500 309.9308 0012589 247.9105 112.0768 14.76228667624363
CBERS 4                 
1 40336U 14079A   26172.49813473  .00000295  00000+0  11719-3 0  9991
2 40336  98.3525 229.1950 0001695  60.3510 299.7845 14.35510713604570
YAOGAN-26               
1 40362U 14088A   26172.53086809  .00017149  00000+0  33512-3 0  9991
2 40362  97.0643 172.6381 0005541  57.7340 302.4447 15.47500088638374
SMAP                    
1 40376U 15003A   26171.43033080  .00000302  00000+0  67443-4 0  9999
2 40376  98.1276 178.4790 0001362  97.1421 262.9936 14.63368901608098
KOMPSAT-3A              
1 40536U 15014A   26172.49154969  .00021220  00000+0  30505-3 0  9996
2 40536  97.6890 164.1689 0056939 158.9789 201.3823 15.54169749622485
SENTINEL-2A             
1 40697U 15028A   26172.48042995  .00000285  00000+0  12533-3 0  9992
2 40697  98.5679 247.2715 0001119  92.5199 267.6112 14.30817044574347
GAOFEN-8                
1 40701U 15030A   26172.55374683  .00017119  00000+0  35100-3 0  9990
2 40701  97.6910   6.1863 0009157 170.7942 189.3476 15.46090047612128
CARBONITE 1 (CBNT-1)    
1 40718U 15032D   26172.49901785  .00000776  00000+0  10020-3 0  9997
2 40718  97.6513 350.3842 0013047 282.3309  77.6445 14.83595427589980
YAOGAN-27               
1 40878U 15040A   26172.51378911 -.00000410  00000+0 -96877-3 0  9996
2 40878 100.1159 158.7092 0007793 199.9680 160.1130 13.16069011518235
GAOFEN-9 01             
1 40894U 15047A   26172.51610501  .00000659  00000+0  87040-4 0  9991
2 40894  97.6278 208.0143 0028657 124.2083 236.1854 14.82890423580836
YAOGAN-28               
1 41026U 15064A   26172.51546970  .00005398  00000+0  20324-3 0  9992
2 41026  97.3080 310.6890 0011032 168.3464 191.8032 15.27465990591342
YAOGAN-29               
1 41038U 15069A   26172.49576502  .00000544  00000+0  73435-4 0  9991
2 41038  98.0024 201.1358 0002382  47.5165 312.6249 14.83088194571268
KENT RIDGE 1            
1 41167U 15077B   26172.41996573  .00003269  00000+0  10298-3 0  9993
2 41167  14.9788 234.5105 0008233 298.0966  61.8524 15.23153232581742
GAOFEN-4                
1 41194U 15083A   26172.55360350 -.00000336  00000+0  00000+0 0  9992
2 41194   0.3702  83.8176 0004198 118.5029  12.4212  1.00272762 38576
JASON-3                 
1 41240U 16002A   26171.42010391 -.00000038  00000+0  96061-4 0  9994
2 41240  66.0406 119.0381 0008478 272.6497  87.3551 12.87628140487661
SENTINEL-3A             
1 41335U 16011A   26171.44253080  .00000048  00000+0  37722-4 0  9994
2 41335  98.6248 238.7795 0001418  99.3701 260.7640 14.26733412538520
ZIYUAN 3-02 (ZY 3-02)   
1 41556U 16033A   26172.53097848  .00003654  00000+0  16656-3 0  9990
2 41556  97.3832 248.2226 0012375 274.4666  85.5156 15.21213451558647
CARTOSAT-2C             
1 41599U 16040A   26172.47353941  .00002592  00000+0  12622-3 0  9996
2 41599  97.4481 232.3930 0010398 117.8659 242.3630 15.19218886554365
SKYSAT-C1               
1 41601U 16040C   26171.34273712  .00007564  00000+0  21549-3 0  9994
2 41601  96.9560 202.8917 0003195  52.2877 307.8658 15.36345796558359
LAPAN-A3                
1 41603U 16040E   26172.49891024  .00002561  00000+0  82247-4 0  9990
2 41603  97.1492 168.5028 0010350  11.1730 348.9740 15.33127454555476
GAOFEN-3                
1 41727U 16049A   26172.52416935  .00000126  00000+0  51315-4 0  9991
2 41727  98.4013 180.2452 0001476  97.9116 262.2242 14.42216237519277
SKYSAT-C4               
1 41771U 16058B   26171.30447646  .00014622  00000+0  27482-3 0  9991
2 41771  96.9172 192.9462 0001584 137.0730 223.0646 15.48669604545958
SKYSAT-C5               
1 41772U 16058C   26171.36447191  .00006273  00000+0  18990-3 0  9990
2 41772  97.0466 211.8632 0000885 282.7780  77.3365 15.34507683544234
SKYSAT-C2               
1 41773U 16058D   26170.98472481  .00010132  00000+0  23850-3 0  9998
2 41773  97.0167 192.9745 0004463  64.8229 295.3482 15.42124031545481
SKYSAT-C3               
1 41774U 16058E   26171.36592513  .00020111  00000+0  32765-3 0  9994
2 41774  96.9003 202.0899 0001389 101.4792 258.6618 15.52656860546608
ALSAT-1B                
1 41785U 16059C   26172.52187030  .00000186  00000+0  36888-4 0  9991
2 41785  97.7752 181.0987 0008425 204.3396 155.7415 14.72277021521216
PATHFINDER 1            
1 41787U 16059E   26170.93178020  .00000403  00000+0  78648-4 0  9997
2 41787  97.8166 170.0842 0028007 194.6747 165.3648 14.67665593520117
SCATSAT 1               
1 41790U 16059H   26171.45951691  .00000807  00000+0  11295-3 0  9994
2 41790  98.1189 235.2594 0053498 236.6981 122.9100 14.79531207102077
GOKTURK 1A              
1 41875U 16073A   26172.55518571  .00000275  00000+0  63156-4 0  9995
2 41875  98.1242  67.1608 0001432  78.1323 282.0039 14.62777208509467
RESOURCESAT-2A          
1 41877U 16074A   26172.50486874  .00000122  00000+0  75879-4 0  9999
2 41877  98.7521 245.9744 0003304  76.6022 283.5524 14.21617870494912
CARTOSAT-2D             
1 41948U 17008A   26172.50553581  .00006091  00000+0  29221-3 0  9996
2 41948  97.4102 231.7316 0004211 216.1249 143.9702 15.19237778518232
SENTINEL-2B             
1 42063U 17013A   26172.47322568  .00000345  00000+0  14824-3 0  9995
2 42063  98.5686 247.1877 0001181  88.2642 271.8676 14.30818862485258
CARTOSAT-2E             
1 42767U 17036C   26172.52324997  .00004193  00000+0  20196-3 0  9999
2 42767  97.4268 232.2553 0002199 297.1780  62.9230 15.19282669498801
FORMOSAT-5              
1 42920U 17049A   26171.43210432  .00000097  00000+0  35731-4 0  9992
2 42920  98.2254 246.6698 0012638  75.3872 284.8723 14.50899817467140
SENTINEL-5P             
1 42969U 17064A   26171.44423655  .00000041  00000+0  40558-4 0  9998
2 42969  98.7925 113.5524 0000991  87.3098 272.8191 14.19519441450027
SKYSAT-C11              
1 42987U 17068A   26171.39718881  .00024827  00000+0  33189-3 0  9993
2 42987  97.4360 320.3680 0000512  98.6776 261.4537 15.58039677483749
SKYSAT-C10              
1 42988U 17068B   26171.35690127  .00007409  00000+0  22285-3 0  9994
2 42988  97.4513 308.2348 0001114 100.0018 260.1351 15.34683060482847
SKYSAT-C9               
1 42989U 17068C   26171.35464766  .00011033  00000+0  26366-3 0  9995
2 42989  97.4434 309.1976 0009511 123.1012 237.1149 15.41629285483247
SKYSAT-C8               
1 42990U 17068D   26171.32343326  .00008930  00000+0  24879-3 0  9991
2 42990  97.4530 308.0128 0001437  95.5767 264.5641 15.37027507482795
SKYSAT-C7               
1 42991U 17068E   26171.38225694  .00009012  00000+0  25123-3 0  9990
2 42991  97.4541 309.0621 0007174  97.6868 262.5191 15.36980206482865
SKYSAT-C6               
1 42992U 17068F   26171.34260987  .00007933  00000+0  24159-3 0  9999
2 42992  97.4576 308.9800 0004575 129.5530 230.6117 15.34256947482808
CARTOSAT-2F             
1 43111U 18004A   26172.48967356  .00003566  00000+0  17250-3 0  9996
2 43111  97.4787 232.0827 0001151 183.3047 176.8180 15.19244053467981
GAOFEN-1 02             
1 43259U 18031A   26172.50026785  .00000711  00000+0  10961-3 0  9995
2 43259  98.0520 235.0160 0003499  23.7295 336.4075 14.76462409443337
GAOFEN-1 03             
1 43260U 18031B   26172.54615247  .00000465  00000+0  74163-4 0  9999
2 43260  98.0516 234.9193 0003641  70.2600 289.9002 14.76473961443331
GAOFEN-1 04             
1 43262U 18031D   26172.52195146  .00000393  00000+0  63905-4 0  9992
2 43262  98.0522 235.0866 0002130  73.2596 286.8847 14.76438382443328
SENTINEL-3B             
1 43437U 18039A   26171.41568603  .00000074  00000+0  48499-4 0  9990
2 43437  98.6248 238.9017 0000727  94.6800 265.4463 14.26735540424583
GAOFEN-5 01             
1 43461U 18043A   26171.34997235  .00000232  00000+0  57864-4 0  9993
2 43461  98.4569 143.0025 0003017  78.1831 281.9707 14.60607261432157
GAOFEN-6                
1 43484U 18048A   26172.54358654  .00001061  00000+0  15912-3 0  9990
2 43484  97.9704 235.2358 0011981 151.9103 208.2756 14.76604265434034
GAOFEN-11 01            
1 43585U 18063A   26172.54827384  .00016745  00000+0  24737-3 0  9990
2 43585  97.1285 239.4163 0002615 338.4969  21.6176 15.55402749441029
ICESAT-2                
1 43613U 18070A   26171.42893477  .00008058  00000+0  29199-3 0  9997
2 43613  92.0081 291.8551 0006110 100.1552 260.0387 15.28330924432958
HYSIS                   
1 43719U 18096A   26172.54243125  .00000750  00000+0  10958-3 0  9999
2 43719  97.9834 239.2567 0001791  96.3154 263.8261 14.78623542408064
KAZSTSAT                
1 43783U 18099AB  26171.03293079  .00001425  00000+0  11946-3 0  9997
2 43783  97.4272 202.8318 0008602  62.2449 297.9646 14.99874388411735
SAUDISAT 5A             
1 43831U 18102A   26172.55228376  .00004160  00000+0  15433-3 0  9996
2 43831  97.3063 234.0493 0011211 115.7884 244.4513 15.28085390416346
SAUDISAT 5B             
1 43833U 18102C   26172.50492490  .00004101  00000+0  15100-3 0  9999
2 43833  97.3172 237.0803 0011895 117.9515 242.2930 15.28339783416459
GAOFEN-10R              
1 44622U 19066A   26172.53928659  .00000798  00000+0  10471-3 0  9994
2 44622  98.0503 126.1503 0006898 115.9819 244.2105 14.83068474363025
CARTOSAT-3              
1 44804U 19081A   26172.50423816  .00004302  00000+0  20654-3 0  9994
2 44804  97.4303 234.3026 0013542 134.6433 225.5909 15.19309359364120
GAOFEN-12 01            
1 44819U 19082A   26172.54051442  .00000258  00000+0  40353-4 0  9992
2 44819  97.8101 178.8051 0002130  65.6428 294.5007 14.80461284354738
CSG-1                   
1 44873U 19092A   26172.50704431  .00000268  00000+0  40246-4 0  9994
2 44873  97.8889 356.0469 0001452  89.7275 270.4105 14.82156000352118
NEMO-HD                 
1 46277U 20061F   26172.47021808  .00008740  00000+0  18934-3 0  9999
2 46277  97.1916 234.3801 0002107  78.3538 281.7948 15.44668071322644
SENTINEL-6A             
1 46984U 20086A   26171.28659686 -.00000041  00000+0  86498-4 0  9998
2 46984  66.0398 128.6148 0007932 270.1789  89.8317 12.80930002260728
CAS500-1                
1 47932U 21022A   26172.53913600  .00004767  00000+0  22335-3 0  9998
2 47932  97.3894  67.7042 0003219 277.4521  82.6348 15.20173434291425
GAOFEN-12 02            
1 48079U 21026A   26172.55203968  .00000238  00000+0  38176-4 0  9996
2 48079  97.9923 170.7148 0004005 204.2706 155.8318 14.80298823282409
PLEIADES NEO 3          
1 48268U 21034A   26172.50769237  .00001535  00000+0  20169-3 0  9999
2 48268  97.8927 247.2126 0001403  91.9001 268.2372 14.81675289278293
PLEIADES NEO 4          
1 49070U 21073E   26172.47391263  .00000439  00000+0  62438-4 0  9998
2 49070  97.8929 247.1755 0001341  88.1718 271.9648 14.81669156262003
LANDSAT 9               
1 49260U 21088A   26171.42401958  .00000235  00000+0  62312-4 0  9997
2 49260  98.2280 241.5622 0001329  85.1905 274.9445 14.57098947251475
CSG-2                   
1 51444U 22008A   26172.54077309  .00000579  00000+0  79275-4 0  9997
2 51444  97.8890 356.0747 0001495  91.9346 268.2038 14.82159517237233
GAOFEN-12 03            
1 52912U 22069A   26172.51512469  .00000775  00000+0  10900-3 0  9990
2 52912  97.8270  60.2755 0002215 100.7744 259.3718 14.80040125215257
SWOT                    
1 54754U 22173A   26171.41805959  .00000075  00000+0  52339-4 0  9995
2 54754  77.6105  30.9486 0000286  91.4251 268.6933 14.00169969179606
GAOFEN-12 04            
1 57654U 23123A   26172.53122707  .00000669  00000+0  94709-4 0  9996
2 57654  97.9119  90.4867 0001784  81.4546 278.6868 14.80235393153278
PARS 1                  
1 59065U 24039Q   26172.52230851  .00009222  00000+0  19180-3 0  9993
2 59065  97.4828 153.5785 0011535  98.8013 261.4543 15.45802388129318
RESURS-P 4              
1 59371U 24061A   26172.50834079  .00002324  00000+0  77302-4 0  9995
2 59371  97.2751 120.3316 0002490 121.7094 238.4391 15.32151603124423
LEGION 1                
1 59625U 24081A   26171.45980492  .00002623  00000+0  13730-3 0  9999
2 59625  97.5015 249.2820 0009187   6.7145 353.4210 15.16685063118033
LEGION 2                
1 59626U 24081B   26171.48983050  .00002864  00000+0  14962-3 0  9991
2 59626  97.5015 249.4091 0010476 331.4775  28.5884 15.16663670118044
ALOS-4 (DAICHI-4)       
1 60182U 24123A   26172.55465269  .00000995  00000+0  14012-3 0  9992
2 60182  97.9248 269.6674 0001631  96.6537 263.4860 14.79476344106527
LEGION 3                
1 60452U 24146A   26171.42555762  .00003536  00000+0  19408-3 0  9998
2 60452  45.0028  13.1867 0008055 188.7532 171.3207 15.16059013102517
LEGION 4                
1 60453U 24146B   26171.29688795  .00003587  00000+0  19653-3 0  9995
2 60453  45.0017 105.7874 0013480 324.8703  35.1285 15.16053228101348
SENTINEL-2C             
1 60989U 24157A   26171.45925764  .00000070  00000+0  43396-4 0  9995
2 60989  98.5692 246.1950 0000995  83.4152 276.7144 14.30818579 93454
IONOSFERA-M 1           
1 61735U 24199A   26171.42878397  .00000023  00000+0  29904-4 0  9994
2 61735  98.7170  44.5668 0002042 106.2287 253.9115 14.22754851128166
IONOSFERA-M 2           
1 61736U 24199B   26171.39274542  .00000024  00000+0  30228-4 0  9995
2 61736  98.7169  44.4417 0000914  38.0352 322.0890 14.22758106131289
PRSC-EO1                
1 62725U 25012A   26172.54333590  .00005470  00000+0  27495-3 0  9997
2 62725  97.4221 244.9183 0005080 232.9814 127.0956 15.17653800 78856
BIOMASS                 
1 63772U 25090A   26171.44261398  .00000148  00000+0  34623-4 0  9999
2 63772  98.0744 358.7127 0001448  95.6178 264.5192 14.67536927 61168
GOSAT-GW (IBUKI GW)     
1 64694U 25141A   26172.55376296  .00000470  00000+0  91252-4 0  9996
2 64694  98.0573 109.7998 0001437  83.6135 276.5234 14.67555276 52483
IONOSFERA-M 3           
1 64876U 25155A   26172.46914425  .00000020  00000+0  28665-4 0  9994
2 64876  98.6033 134.2664 0001275 149.5064 210.6188 14.21487012 47010
IONOSFERA-M 4           
1 64877U 25155B   26172.50397899  .00000039  00000+0  37490-4 0  9996
2 64877  98.6032 134.2177 0001208 118.6135 241.5164 14.21489319 47010
MICROCARB               
1 64899U 25156A   26171.47982279  .00000362  00000+0  65076-4 0  9998
2 64899  97.9830 248.5584 0014993 260.7208  99.2304 14.72328320 48451
CO3D 3                  
1 64900U 25156B   26171.47876997  .00003433  00000+0  16165-3 0  9996
2 64900  97.4324 250.1245 0001587 126.6035 233.5346 15.20194218 50030
CO3D 4                  
1 64901U 25156C   26171.41309958  .00000218  00000+0  13182-4 0  9994
2 64901  97.4331 250.0596 0000098 241.9959 118.1266 15.20197278 50026
CO3D 2                  
1 64902U 25156D   26171.37975280  .00003283  00000+0  15474-3 0  9997
2 64902  97.4328 249.9261 0001570 106.6316 253.5091 15.20193266 50011
CO3D 1                  
1 64903U 25156E   26171.05079051  .00004283  00000+0  20076-3 0  9999
2 64903  97.4325 249.6020 0001352 114.2620 245.8756 15.20215547 49961
PRSC-S1                 
1 65055U 25164A   26172.50691903  .00003282  00000+0  23010-3 0  9993
2 65055  41.1302 263.4835 0005914  13.0650 347.0316 15.06488461 49087
SENTINEL-6B             
1 66514U 25264A   26171.28694495 -.00000044  00000+0  73559-4 0  9996
2 66514  66.0399 128.7401 0007997 269.1256  90.8843 12.80929983 27566
CAS500-3                
1 66655U 25274F   26171.37510272  .00000922  00000+0  10546-3 0  9993
2 66655  97.7445  99.3536 0006853 102.0514 258.1471 14.88327389 30628
CSG-3                   
1 67304U 26001A   26172.51971248  .00000199  00000+0  31497-4 0  9990
2 67304  97.8888 356.0587 0001414  95.7502 264.3872 14.82156102 25102
PRSC-E03                
1 68835U 26092A   26172.16475108  .00002165  00000+0  15028-3 0  9991
2 68835  38.0017  66.2248 0003038  39.8962 320.2023 15.06685873  8559
CAS500-2                
1 69013U 26100AK  26171.44244846  .00005146  00000+0  23744-3 0  9999
2 69013  97.4070  69.2409 0010360  24.6187 335.5541 15.20622267  7305
